-8.7 24.5 -5.32E-05
1.1 56.5 -0.000251371
-33.6 9.2 -9.51E-05
-69.49999999 29 -0.000444524
-129.1 -16.7 -0.001327369
-106.6 -43.89999999 -0.001041742
-19.1 -55 -0.000266685
-93.59999996 -151.7999999 -0.002500033
-97.6999999 -271.0999997 -0.006532765
33.69999999 -123.2 -0.001283698
91.89999992 -250.1999998 -0.005589026
87.59999998 -106.1 -0.001487147
146.0999999 -120.6999999 -0.002818599
247.0999998 -143.3999999 -0.006401008
292.8999997 -46.29999995 -0.006888215
219.7999999 13.79999999 -0.003798997
300.6999997 43.79999995 -0.007233133
208.2999999 110.1999999 -0.004354317
110.3 -10.3 -0.000961252
178.1999999 -45.79999998 -0.002652322
101.2 -58.79999999 -0.001074304
-308.9999996 -83.69999989 -0.008029934
-336.4999995 83.19999988 -0.009413721
-389.3999991 211.8999995 -0.015410911
-366.4999989 346.7999989 -0.019987712
-189.9999995 414.8999989 -0.016377581
-103.3999999 226.7999998 -0.004886343
42.19999998 190.5999999 -0.002999051
-53.49999999 132.8 -0.001612379
-92.69999998 99.49999998 -0.001452356
178.6999997 314.1999995 -0.01027201
257.2999995 295.9999994 -0.012081979
481.3999978 369.6999983 -0.028909896
605.9999899 990.5999835 -0.106005169
373.3999992 185.8999996 -0.01364085
402.9999992 48.2999999 -0.012904208
405.1999992 -50.7999999 -0.013062971
396.899999 -202.7999995 -0.015575756
222.5999996 -301.7999995 -0.011050599
264.7999994 -322.5999993 -0.0136839
-28.09999994 -430.899999 -0.01467714
-300.1999991 -385.2999989 -0.018744233
-377.5999991 -203.6999995 -0.014433772
-657.4999964 95.69999948 -0.034581
-935.3999834 752.9999866 -0.113163539
-1913.099909 452.0999785 -0.302752066
-1531.399895 1791.499877 -0.436317389
-603.6999968 -255.0999986 -0.033668008
-2927.799441 2634.899495 -1.217889161
-3763.699329 605.5998915 -1.138366942
-2142.399871 -549.2999669 -0.383249486
-887.5999889 -482.3999939 -0.080024154
-619.2999919 -824.4999892 -0.083550019
9.699999889 -964.9999889 -0.073308237
910.0999901 -239.2999974 -0.069382161
1254.299974 298.5999939 -0.130243537
1668.199935 632.3999752 -0.249448391
307.399962 3151.399608 -0.789141199
2927.799441 2634.899495 -1.217889161
3847.399263 896.4998274 -1.222658674
3569.89935 -1447.899735 -1.163196804
-17.19999925 -1884.299917 -0.279505518
-1504.099881 -2046.499837 -0.506862947
-3569.89935 -1447.899735 -1.163196804
-29.21870384 270.914346 -0.005844086
-118.7887523 258.1448601 -0.006350653
-103.9817647 155.3058152 -0.002745444
-67.55515848 92.04437062 -0.001024331
-16.2904274 115.8979699 -0.001078105
24.4982809 228.1894734 -0.004145705
66.93595164 222.803383 -0.004258419
148.67492 206.9523776 -0.005102584
-201.4451728 229.122692 -0.007310705
-176.8487936 133.9649057 -0.003862289
-89.18782549 52.27712708 -0.000838147
-10.71260903 71.63608847 -0.000412929
56.45568887 88.35719424 -0.000864162
100.4232653 93.59703211 -0.00147946
252.5644421 162.726491 -0.007080567
-240.774306 117.0563282 -0.005619199
-255.7664465 159.5257014 -0.007126863
-64.92062372 46.88168156 -0.000503118
3.513577993 9.824468644 -8.56E-06
73.49149999 7.913380731 -0.000427958
174.2594346 85.96030638 -0.002960059
221.0885694 185.0219023 -0.006523147
-290.1660701 88.60519303 -0.007212599
-377.8240891 67.90970232 -0.011543888
-167.1482464 25.93215759 -0.002241201
-62.1483912 4.161050579 -0.000303884
8.902916512 -154.281805 -0.00187984
101.2128649 7.800171347 -0.000807146
228.3741743 89.81177786 -0.00471991
308.4723087 101.1005171 -0.00825753
286.588187 11.80306818 -0.006443961
-365.3665163 2.365411239 -0.010456164
-299.4393663 19.09809587 -0.007051577
-209.7880711 -29.0622688 -0.003513617
-77.27152551 -45.20545349 -0.000628522
126.8928748 -47.02120536 -0.0014352
347.5664078 -3.270193996 -0.009462608
361.0272011 -81.2660746 -0.010728685
249.3628214 -74.06297966 -0.005302123
-379.2974529 -107.7442254 -0.012182032
-402.403336 -150.4932935 -0.014465678
-310.8740388 -326.4084065 -0.015955904
-66.6984351 -104.4587311 -0.001207343
-11.24830897 -15.35250695 -2.85E-05
127.3258199 -81.7515639 -0.001795857
347.9406817 -109.8573846 -0.010432132
264.5822078 -215.628904 -0.00914289
142.3895758 -402.6575059 -0.014350229
-288.3924289 -170.5062567 -0.008802665
-206.7350785 -93.59206734 -0.004037031
-80.62860373 -167.8176432 -0.002726001
-28.4178258 -39.75196269 -0.000187639
116.118228 -143.2113414 -0.002670476
43.38688192 298.2987965 -0.007151627
77.52894083 -89.839186 -0.001106097
-165.982867 -167.2576127 -0.004359905
-112.1120324 -124.2874811 -0.002200399
-112.0188109 -325.7990393 -0.009337979
-11.72120126 -104.3300604 -0.000867549
77.08459158 -216.7985523 -0.004165112
192.8840069 -339.0313413 -0.011961615
-217.6954366 -361.9783519 -0.014025718
-4.595861589 -457.8505565 -0.016502344
5.692173816 -293.7872589 -0.006796459
48.58869627 -44.14353896 -0.0003383
-342.0562498 190.7194402 -0.012027294
-290.2186777 2700.914102 -0.58081502
-1180.788636 2580.144605 -0.633219272
-1030.981721 1550.305749 -0.272439126
-770.4227348 1030.466749 -0.130073461
-160.2904248 1150.897951 -0.106274992
240.4982655 2280.189326 -0.413788053
660.9359083 2220.803237 -0.422432628
1480.674804 2060.952215 -0.506060271
-2010.444945 2290.122432 -0.729409818
-1760.848689 1330.964826 -0.382291856
-890.187814 520.2771203 -0.083373992
0.418628057 590.6268017 -0.027458785
560.4556814 880.3571825 -0.085608527
1000.423243 930.5970109 -0.146558298
2520.564167 1620.726313 -0.704377652
-2400.774098 1170.056226 -0.559202112
-2550.766166 1590.525526 -0.708740222
30.51357799 90.82446864 -0.000722248
730.4914952 70.91338026 -0.042191087
1740.259355 850.9602674 -0.294205324
2210.088346 1850.021714 -0.651981661
-2900.165746 880.6050942 -0.719823526
-3770.823417 670.9095822 -1.149133471
-1670.148189 250.9321489 -0.223433907
-620.1483883 40.16105039 -0.030249241
80.90291416 -1540.28176 -0.187260128
2280.374008 890.8117126 -0.46975848
3080.471915 1010.100387 -0.823556593
2860.587902 110.8030571 -0.641891496
-3650.365925 20.36540792 -1.043717737
-2990.43904 190.098075 -0.703277538
-2090.787958 -290.062253 -0.34900918
-770.2715181 -450.2054491 -0.062425474
1260.892847 -470.021195 -0.141913551
3470.5659 -30.27018955 -0.943475124
3610.026601 -810.2659392 -1.072423601
2490.362617 -740.0629187 -0.528871297
-3790.296738 -1070.744023 -1.215479659
-4020.402436 -1500.492956 -1.443228978
-3100.873274 -3260.407599 -1.589873974
-660.6984229 -1040.458712 -0.119402977
-120.2568502 -147.1950106 -0.002838159
1270.325785 -810.7515414 -0.17813451
3470.940123 -1090.857208 -1.037273803
2640.581835 -2150.628599 -0.910199517
1420.389261 -4020.65661 -1.430490496
-2880.392037 -1700.506024 -0.877449818
-2060.73495 -930.5920092 -0.400781
-790.2139998 -1620.007815 -0.255488813
-190.4404231 -510.5034651 -0.023354708
1160.11818 -1430.211282 -0.266425342
430.3868343 2980.298465 -0.713665458
820.0946892 -1000.949285 -0.131541385
-1650.982756 -1670.2575 -0.433086278
-1120.111994 -1240.287439 -0.219357075
-1120.018649 -3250.798568 -0.930082412
-110.7211998 -1040.330046 -0.08615179
770.0845421 -2160.798413 -0.413970164
1920.883651 -3390.030711 -1.193610039
-2170.694967 -3610.977567 -1.395426252
-120.9848205 -4360.913632 -1.498101773
50.6921685 -2930.78695 -0.676319464
480.5886938 -440.1435367 -0.033339278
-3420.055613 1900.719085 -1.200517989
-1451.999605 4468.998778 -1.737217114
-3243.998784 4464.998318 -2.393522217
-5244.997291 3809.998022 -3.297334706
-7241.994845 2352.998317 -4.543652951
-8943.991222 -1.85E-08 -6.26555545
-9991.986461 -3246.995579 -8.649762159
-9983.981312 -7253.986354 -11.94931167
-8519.977957 -11729.9695 -16.51599473
-5261.981206 -16189.94189 -22.80073575
9.41E-11 -19999.90087 -31.48527025
7259.95063 -22339.84732 -43.4118741
16219.84801 -22319.78981 -59.81893141
26219.66152 -19049.75285 -82.4104211
36209.35565 -11769.78952 -113.5969317
44718.90273 -1.14E-05 -156.6333551
49958.30779 16229.44751 -216.2226818
49917.66401 36268.29426 -298.7186541
42597.24533 58636.18916 -412.782426
26307.64977 80962.7309 -570.2252244
1.13E-10 99987.60893 -787.0349349
-3143.999146 -3491.999047 -1.734061258
-2244.999157 -5041.998098 -2.395810798
-677.5996489 -6446.996643 -3.307623576
1582.998869 -7447.99465 -4.562757052
4471.995594 -7745.992331 -6.289269341
7807.989402 -7029.99041 -8.665126623
11269.97894 -5018.990573 -11.93098431
14419.9628 -1514.996073 -16.46706945
16649.94079 3539.987349 -22.69959866
17319.9149 9999.950618 -31.36728073
15719.89325 17459.88084 -43.35152728
11219.89474 25209.76232 -59.88650685
3387.9561 32239.58017 -82.71589564
-7915.858548 37239.33123 -114.0695771
-22359.44927 38729.04131 -157.2295197
-39038.67521 35148.80125 -216.6217902
-56367.36453 25098.82061 -298.4549981
-72075.35459 7575.509232 -411.4156436
-83262.59526 -17698.41835 -567.6725486
-86589.36439 -49993.82905 -784.0213858
4595.998755 -976.899734 -1.729579938
5488.997948 576.8997833 -2.386039484
5921.996944 2636.998632 -3.294204364
5658.995965 5094.996349 -4.551637366
4471.995594 7745.99233 -6.289314507
2183.997026 10279.98593 -8.692040789
-1289.997579 12269.97686 -11.98106865
-5895.984741 13239.96556 -16.52127229
-11389.9594 12649.95468 -22.75727964
-17319.9149 9999.950618 -31.36728073
-22979.84435 4883.966753 -43.23880986
-27439.74369 -2883.972929 -59.62836864
-29609.61807 -13179.82915 -82.34259852
-28289.49576 -25479.54359 -113.7842885
-22359.44931 -38729.0414 -157.2238747
-10919.6286 -51378.24383 -217.1223124
6449.697207 -61367.1047 -299.6893011
29478.09244 -66205.6945 -413.0821349
56964.92031 -63264.33062 -569.2162701
86589.36439 -49993.82905 -784.0213858
