 5.10993161921521e+06  2.00739357424387e+06 -3.23559042181900e+06 
 5.11079221445964e+06  2.00440131910235e+06 -3.23608286467414e+06 
 5.10874107869728e+06  2.00962342199512e+06 -3.23608286467414e+06 
 5.10985927017739e+06  2.00547240966267e+06 -3.23688702097207e+06 
 5.10868890131285e+06  2.00721279103720e+06 -3.23765040488025e+06 
 5.10750294273576e+06  2.01008303194710e+06 -3.23774019943428e+06 
 5.10910346232702e+06  2.00578916259979e+06 -3.23787698671808e+06 
 5.10812799957437e+06  2.00808561858624e+06 -3.23799184835941e+06 
 5.11001528528117e+06  2.00323641254954e+06 -3.23801748947891e+06 
 5.10928709104279e+06  2.00485506024969e+06 -3.23816380455651e+06 
 5.10866437033966e+06  2.00638385527742e+06 -3.23819916766107e+06 
 5.10840540601685e+06  2.00697312429426e+06 -3.23824225137020e+06 
 5.10869023765045e+06  2.00621235862921e+06 -3.23826417442018e+06 
 5.10848218947694e+06  2.00669173220314e+06 -3.23829515255519e+06 
 5.10809710803832e+06  2.00764746629977e+06 -3.23831011734050e+06 
 5.10844502044993e+06  2.00675801438924e+06 -3.23831259558288e+06 
 5.10853490735089e+06  2.00642216423473e+06 -3.23837845939895e+06 
 5.10862720889415e+06  2.00616406045985e+06 -3.23839266152123e+06 
 5.10846478493018e+06  2.00654447649139e+06 -3.23841305916241e+06 
 5.10834638433862e+06  2.00683876366644e+06 -3.23841744369628e+06 
 5.10846788363480e+06  2.00644722486370e+06 -3.23846805631855e+06 
 5.10836424922021e+06  2.00667590754890e+06 -3.23848969289253e+06 
 5.10846408579475e+06  2.00640531900089e+06 -3.23849979629756e+06 
 5.10865984902070e+06  2.00590093208496e+06 -3.23850341827028e+06 
 5.10854079515512e+06  2.00618459652757e+06 -3.23851542795925e+06 
 5.10840851975002e+06  2.00648003743080e+06 -3.23854087701100e+06 
 5.10826342057262e+06  2.00683671644955e+06 -3.23854869281071e+06 
 5.10829687969291e+06  2.00674457787758e+06 -3.23855298196631e+06 
 5.10841875345284e+06  2.00641138995429e+06 -3.23856708850860e+06 
 5.10839507978713e+06  2.00646469356953e+06 -3.23857137765574e+06 
 5.10830945591251e+06  2.00666625989619e+06 -3.23858148097233e+06 
 5.10839572197464e+06  2.00643936163391e+06 -3.23858596074128e+06 
 5.10833507900088e+06  2.00656355164943e+06 -3.23860454699374e+06 
 5.10841557729001e+06  2.00634884790047e+06 -3.23861055177508e+06 
 5.10839336979674e+06  2.00636326035228e+06 -3.23863647713589e+06 
 5.10829262486421e+06  2.00661680514546e+06 -3.23863828809590e+06 
 5.10825219701598e+06  2.00671894592801e+06 -3.23863876466427e+06 
 5.10821047861907e+06  2.00681817147308e+06 -3.23864305377847e+06 
 5.10835683990026e+06  2.00643891944942e+06 -3.23864715226352e+06 
 5.10831268019517e+06  2.00654546030194e+06 -3.23865077417905e+06 
 5.10844321284446e+06  2.00617454409205e+06 -3.23867450722234e+06 
 5.10829252787915e+06  2.00652350719877e+06 -3.23869585737838e+06 
 5.10826441249792e+06  2.00657262608630e+06 -3.23870967776584e+06 
 5.10830239461590e+06  2.00647190281773e+06 -3.23871215590211e+06 
 5.10821701655889e+06  2.00665797071359e+06 -3.23873140909231e+06 
 5.10833193456111e+06  2.00635255070403e+06 -3.23873932004508e+06 
 5.10813328633466e+06  2.00677927290338e+06 -3.23878792936670e+06 
 5.10840404719338e+06  2.00608853686955e+06 -3.23878878717598e+06 
 5.10793421453359e+06  2.00722925747677e+06 -3.23882281354731e+06 
 5.10821506945152e+06  2.00649751719864e+06 -3.23883320252671e+06 
 5.10845610428939e+06  2.00587633667554e+06 -3.23883777748645e+06 
 5.10827051184319e+06  2.00632414523577e+06 -3.23885302733604e+06 
 5.10814210026756e+06  2.00660335894420e+06 -3.23888238322633e+06 
 5.10811634379691e+06  2.00663671082540e+06 -3.23890220793116e+06 
 5.10828116048982e+06  2.00611996939238e+06 -3.23896196772402e+06 
 5.10816188980599e+06  2.00635316835454e+06 -3.23900533384121e+06 
 5.10843562822526e+06  2.00557613272097e+06 -3.23905451363347e+06 
 5.10883952536537e+06  2.00444348232451e+06 -3.23911818011127e+06 
 5.10816142625104e+06  2.00574453542303e+06 -3.23938046616800e+06 
 5.10786711017416e+06  2.00627627344339e+06 -3.23951437026818e+06 
 5.10636496828066e+06  2.00934956026235e+06 -3.23997458543131e+06 
 5.10886488960498e+06  2.00298486873264e+06 -3.23997458543131e+06 
 5.10739184416809e+06  2.00606185773633e+06 -3.24039046545346e+06 
 5.10782671756225e+06  2.00470280859737e+06 -3.24054503391343e+06 
 5.10817939545011e+06  2.00695721530207e+06 -3.23860616733194e+06 
 5.10848848760601e+06  2.00644076537810e+06 -3.23843974759755e+06 
 5.10854948471717e+06  2.00637498123948e+06 -3.23838465495831e+06 
 5.10412730651613e+06  2.08522094006626e+06 -3.19555143269806e+06 
 5.15102938194471e+06  1.96585644882887e+06 -3.19595031810302e+06 
 5.14324623436294e+06  1.98583166094179e+06 -3.19613462701916e+06 
 5.13512496239218e+06  2.00062581683397e+06 -3.19993902053705e+06 
 5.15723261599539e+06  1.94060042932548e+06 -3.20134081539856e+06 
 5.12749063638092e+06  2.01076429918441e+06 -3.20578169010794e+06 
 5.12144456298765e+06  2.01545114214677e+06 -3.21245129478811e+06 
 5.09438095072243e+06  2.07456380925106e+06 -3.21781236841468e+06 
 5.11550354403786e+06  2.01993622339290e+06 -3.21904896010949e+06 
 5.11129729066932e+06  2.02095142924726e+06 -3.22504726847715e+06 
 5.10879157490698e+06  2.01937363125137e+06 -3.22996892075721e+06 
 5.11474383318291e+06  2.00179123431927e+06 -3.23148292466214e+06 
 5.11597446444409e+06  1.99814258990642e+06 -3.23179092310304e+06 
 5.11339056673388e+06  2.00456769883641e+06 -3.23190061350522e+06 
 5.11207587044477e+06  2.00653526000516e+06 -3.23275357945332e+06 
 5.11684894882849e+06  1.99365143851900e+06 -3.23317054402691e+06 
 5.11090041051868e+06  2.00780438723834e+06 -3.23381684054657e+06 
 5.08947878565696e+06  2.06136684767233e+06 -3.23390190384354e+06 
 5.10642642483536e+06  2.01855491624278e+06 -3.23418951123509e+06 
 5.10991857570665e+06  2.00850816875770e+06 -3.23492374728816e+06 
 5.10914793708123e+06  2.00878242082298e+06 -3.23596349852744e+06 
 5.11710611300578e+06  1.98841589560257e+06 -3.23596759818875e+06 
 5.10860323485079e+06  2.00887439232235e+06 -3.23676089647030e+06 
 5.10535011773936e+06  2.01640247130183e+06 -3.23720961739018e+06 
 5.10954628323018e+06  2.00535586970473e+06 -3.23744946022295e+06 
 5.10933559168070e+06  2.00587573523395e+06 -3.23745985073109e+06 
 5.10911849372530e+06  2.00625953204728e+06 -3.23756394582581e+06 
 5.10971886849941e+06  2.00469523470412e+06 -3.23758529852231e+06 
 5.10820010582992e+06  2.00852726200745e+06 -3.23760674649418e+06 
 5.10879030091411e+06  2.00668854552368e+06 -3.23781426499286e+06 
 5.10981016637610e+06  2.00390920539501e+06 -3.23792550521036e+06 
 5.10883129963640e+06  2.00634645546118e+06 -3.23796058325596e+06 
 5.10861165523622e+06  2.00670390078569e+06 -3.23808478516753e+06 
 5.10796986119241e+06  2.00819402656647e+06 -3.23817285981168e+06 
 5.10871900469392e+06  2.00626131217678e+06 -3.23818896861232e+06 
 5.10859262542156e+06  2.00653028499944e+06 -3.23822147208399e+06 
 5.10890660177179e+06  2.00572142696521e+06 -3.23822719115820e+06 
 5.10858865772887e+06  2.00631798660615e+06 -3.23835834763176e+06 
 5.10844154679658e+06  2.00661850446337e+06 -3.23840390882422e+06 
 5.10864689753818e+06  2.00607860519070e+06 -3.23841439358598e+06 
 5.10848314339807e+06  2.00649525903665e+06 -3.23841458421790e+06 
 5.10816120631973e+06  2.00724519774380e+06 -3.23845738098603e+06 
 5.10843357388544e+06  2.00653705415317e+06 -3.23846653127180e+06 
 5.10856232463745e+06  2.00619483178705e+06 -3.23847539560257e+06 
 5.10849319079587e+06  2.00635429208881e+06 -3.23848559433831e+06 
 5.10844619578597e+06  2.00646124465594e+06 -3.23849341018433e+06 
 5.10841143766645e+06  2.00653641747999e+06 -3.23850160728409e+06 
 5.10842893489120e+06  2.00648970271127e+06 -3.23850294169500e+06 
 5.10847399311962e+06  2.00637451812710e+06 -3.23850322764017e+06 
 5.10844392866731e+06  2.00643449199196e+06 -3.23851342634550e+06 
 5.10829875100421e+06  2.00679029754401e+06 -3.23852190937228e+06 
 5.10849737028569e+06  2.00628417255742e+06 -3.23852219531687e+06 
 5.10842601812693e+06  2.00646290066018e+06 -3.23852400629906e+06 
 5.10844931582916e+06  2.00640017657855e+06 -3.23852610322536e+06 
 5.10847260345483e+06  2.00633546235973e+06 -3.23852943924352e+06 
 5.10840028307086e+06  2.00651045498916e+06 -3.23853506281428e+06 
 5.10976429973705e+06  2.00303384759952e+06 -3.23853534875847e+06 
 5.10834928364123e+06  2.00663905130294e+06 -3.23853582533209e+06 
 5.10843069529836e+06  2.00642481762189e+06 -3.23854011449360e+06 
 5.10870937449505e+06  2.00570724353501e+06 -3.23854497554094e+06 
 5.10844812062715e+06  2.00636217485128e+06 -3.23855136161887e+06 
 5.10843603121965e+06  2.00639187151689e+06 -3.23855202882079e+06 
 5.10837424885877e+06  2.00652934334518e+06 -3.23856422907607e+06 
 5.10834821618938e+06  2.00658152475314e+06 -3.23857290268536e+06 
 5.10845993910675e+06  2.00629568362597e+06 -3.23857376051441e+06 
 5.10843123710657e+06  2.00636396200815e+06 -3.23857671525832e+06 
 5.10785889342322e+06  2.00782060383104e+06 -3.23857671525832e+06 
 5.10838099394067e+06  2.00649033333710e+06 -3.23857766840132e+06 
 5.10843768195525e+06  2.00633066951943e+06 -3.23858710451173e+06 
 5.10840229915526e+06  2.00640774707323e+06 -3.23859511090096e+06 
 5.10840739660137e+06  2.00637835061083e+06 -3.23860521419185e+06 
 5.10836918977882e+06  2.00646819135805e+06 -3.23860978926338e+06 
 5.10835494799146e+06  2.00649887422036e+06 -3.23861322056555e+06 
 5.10850161158120e+06  2.00611909133548e+06 -3.23861712843593e+06 
 5.10842329532364e+06  2.00631726994847e+06 -3.23861789094703e+06 
 5.10837552721904e+06  2.00643563880056e+06 -3.23861989253838e+06 
 5.10838502668183e+06  2.00640432825737e+06 -3.23862427697507e+06 
 5.10833100176893e+06  2.00652282247399e+06 -3.23863600056741e+06 
 5.10834743286558e+06  2.00647138797843e+06 -3.23864191001487e+06 
 5.10856503223484e+06  2.00590924950991e+06 -3.23864686632276e+06 
 5.10841711432073e+06  2.00627523187139e+06 -3.23865344295802e+06 
 5.10839479761828e+06  2.00632849161032e+06 -3.23865563516874e+06 
 5.10835989370593e+06  2.00640977013159e+06 -3.23866030552899e+06 
 5.10837428821893e+06  2.00634756387523e+06 -3.23867603223510e+06 
 5.10833423485895e+06  2.00642847647726e+06 -3.23868899483355e+06 
 5.10826022251653e+06  2.00661674561090e+06 -3.23868909014671e+06 
 5.10839878060794e+06  2.00618281178364e+06 -3.23873903410715e+06 
 5.10830621861672e+06  2.00640392928140e+06 -3.23874799349162e+06 
 5.10816319825413e+06  2.00675237989915e+06 -3.23875762005470e+06 
 5.10834916511925e+06  2.00627769988696e+06 -3.23875838255433e+06 
 5.10826352182029e+06  2.00645919659796e+06 -3.23878087626515e+06 
 5.10838664018888e+06  2.00605943186372e+06 -3.23883396502015e+06 
 5.10783549801125e+06  2.00745258396970e+06 -3.23883996965386e+06 
 5.10822682859047e+06  2.00641259366943e+06 -3.23886703811338e+06 
 5.10843956087641e+06  2.00584812770693e+06 -3.23888104886969e+06 
 5.10817150555604e+06  2.00649922765782e+06 -3.23890039702238e+06 
 5.10798526412572e+06  2.00684228891322e+06 -3.23898102977838e+06 
 5.10807864084829e+06  2.00642880080163e+06 -3.23908920619920e+06 
 5.10834932331591e+06  2.00568035249450e+06 -3.23912561419263e+06 
 5.10818648689031e+06  2.00601369925519e+06 -3.23917565112453e+06 
 5.10788861577819e+06  2.00662211682945e+06 -3.23926790899249e+06 
 5.10468471982946e+06  2.01418913915396e+06 -3.23961968139505e+06 
 5.10831289082501e+06  2.00542151811657e+06 -3.23934186712027e+06 
 5.10951396569803e+06  2.00213941570505e+06 -3.23947691543594e+06 
 5.10806685019600e+06  2.00543028005675e+06 -3.23972184634735e+06 
 5.10773608495998e+06  2.00557228592332e+06 -3.24015250887530e+06 
 5.10493734403255e+06  2.01197190664825e+06 -3.24059268088739e+06 
 5.10731929940412e+06  2.00589956513236e+06 -3.24060383024413e+06 
 5.11623978336447e+06  1.98286205321441e+06 -3.24070989140685e+06 
 5.10898275548929e+06  2.00133558500540e+06 -3.24080222938791e+06 
 5.10682748440633e+06  2.00646813338530e+06 -3.24102406550445e+06 
 5.10548438161444e+06  2.01016226246248e+06 -3.24085216203270e+06 
 5.10628445868890e+06  2.00733007682840e+06 -3.24134375560226e+06 
 5.10612328611711e+06  2.00856077238412e+06 -3.24083863069355e+06 
 5.10795718689147e+06  2.00123962465727e+06 -3.24246644318511e+06 
 5.10676808353407e+06  2.00066987801453e+06 -3.24467540714569e+06 
 5.08755314110111e+06  2.04835688952752e+06 -3.24510355472334e+06 
 5.10495551214230e+06  2.00127084003055e+06 -3.24713953380874e+06 
 5.11391708982677e+06  1.97743761130657e+06 -3.24763631813881e+06 
 5.10237261017719e+06  2.00221925019900e+06 -3.25058943166310e+06 
 5.08825371465713e+06  2.03606267986220e+06 -3.25169101506396e+06 
 5.09973948669064e+06  2.00480882277347e+06 -3.25310747047028e+06 
 5.09670978518215e+06  2.01039599411000e+06 -3.25439858500582e+06 
 5.09046045217894e+06  2.02546628208877e+06 -3.25483218323492e+06 
 5.09345934648216e+06  2.01689982090231e+06 -3.25545595052689e+06 
 5.10960494421349e+06  1.97298309311623e+06 -3.25705561283956e+06 
 5.10372153243224e+06  1.96715672719985e+06 -3.26969436277677e+06 
 5.09283805589915e+06  1.97185452635450e+06 -3.28371002592701e+06 
 5.08029097303651e+06  1.97806915944271e+06 -3.29926615152435e+06 
 5.06428177586708e+06  1.99158698350469e+06 -3.31559564903311e+06 
